29890
27976
17463
3034
9740
39838
33859
38125
30926
19730
25956
32498
58063
36265
28782
22287
33078
26678
29614
26993
17149
15796
4761
4075
49666
59418
15173
59534
23917
13003
4598
42088
18957
65478
25845
26098
37210
47114
65366
22100
60205
3055
42756
3699
8742
13660
23763
12144
15498
52819
43986
29609
64554
21040
49830
10202
52520
48088
30149
18964
56863
40647
38718
5067
41422
4367
44876
60372
15373
49364
44050
16068
34520
25897
42244
34372
12740
10402
5066
31885
37785
49006
40774
40678
50253
9199
45495
25253
31322
51146
61355
60016
33505
48164
21940
20236
58658
34570
20048
18167
20801
11704
45803
56189
11461
20419
4577
2170
50832
61135
8991
24204
11518
54551
25779
44371
5378
11100
62299
9781
54650
10441
55432
32322
57338
21873
59982
10705
23841
22094
41382
37934
49016
59509
54166
2951
43534
38101
20851
15298
28905
50784
7883
25499
38382
38505
8126
46459
57016
42573
3092
31304
13256
20153
45391
57057
14645
58357
29574
50938
8541
43031
53647
26604
21685
40926
61356
50707
15274
446
50236
54749
25083
34903
5860
63636
49970
65149
43911
47882
57161
54167
31359
11097
6685
8002
65056
14684
20916
60287
21959
30145
52050
57654
12275
7044
61328
3050
12889
47580
30499
39769
32683
36647
58903
40070
19075
53913
38686
9176
21055
53388
19862
24473
7552
1663
51238
22908
42255
59005
12496
42808
31952
51163
28395
2561
58984
58220
17752
41673
21763
17803
6230
21035
62315
65304
5137
32483
38828
53693
60557
32992
4518
16945
23071
33238
63339
44621
59550
47781
31214
27593
23536
34678
39464
24735
22516
5962
28992
11904
48423
16115
33013
18714
13354
46999
64427
57796
12698
21978
10301
56482
42716
23885
60575
18832
1184
19331
52782
35000
59014
25555
30493
9604
1378
145
57472
64802
3223
37965
26511
52802
57343
13886
19980
20528
20554
13328
57448
18015
19607
6559
56279
13593
18146
55453
51637
51814
50854
42776
10363
17911
26464
163
9034
6579
45113
10926
48158
13660
5335
11684
4153
26653
56801
25067
24155
38283
57310
15946
49593
9919
35197
52352
61123
50633
34027
5506
24230
39005
37680
35045
10227
32869
27245
12013
42052
29725
51492
45720
2125
30283
1799
40248
17401
44965
42989
38844
5849
24411
42314
4974
61718
59357
42666
17463
24035
59599
28593
1623
43244
50632
43841
53410
49230
62817
36061
42870
65216
11084
46151
39822
16831
46354
22856
30514
7275
59871
8051
5123
62731
13483
30944
28746
47013
17239
13505
1085
34711
10078
36952
23186
29512
31593
51074
23553
52104
55094
62230
42914
806
20116
53271
21013
13820
23327
30719
22513
61465
14716
55832
21688
429
27579
62625
52100
2431
6642
1024
43291
35241
29284
37735
3381
26702
55601
5844
51778
31495
47095
22243
7205
26455
32013
60726
36813
45003
60230
41299
62198
7041
13342
64228
58757
57437
37224
34036
37068
42498
44831
18080
25785
56376
21546
63169
5183
12779
24581
37362
28865
42441
36194
47794
3256
36220
1437
47944
36928
41116
57326
1442
33500
5921
16539
41063
40160
64577
10637
24159
56589
9492
52598
59433
2998
43422
39671
15520
45345
9714
25724
